-5: 13.317963,11.343166,0.131371
 0: 9.723136,8.927289,0.092804
 7.59: 0.924735,2.166203,0.164148
 11: -3.460060,0.063803,0.012524
15.20: -11.901694,0.000000,0.000000
22.65: -26.571767,0.867264,-0.107387
23.1: -25.163101,0.184845,2.652629
30: -25.407572,0.055089,0.622929
30.5: -27.536636,0.112183,-4.417109
45: -28.982880,0.021749,-3.286693
60: -29.236765,0.325309,4.169028
65: -26.842844,0.026539,4.487776
100:  -26.842844,0.026539,3.487776
120:  -26.842844,0.026539,4.487776
130: -26.842844,0.026539,4.487776
